3 0.1378968253968254 0.18716931216931218 0.013640873015873016 0.0291005291005291
14 0.10404265873015874 0.15013227513227514 0.017609126984126984 0.021604938271604937
29 0.13442460317460317 0.09259259259259259 0.013392857142857142 0.0291005291005291
23 0.1409970238095238 0.35736331569664903 0.014136904761904762 0.027777777777777776
14 0.1355406746031746 0.15343915343915343 0.015376984126984126 0.03042328042328042
3 0.1371527777777778 0.2156084656084656 0.01240079365079365 0.027336860670194002
18 0.13330853174603174 0.12389770723104056 0.013888888888888888 0.026895943562610228
30 0.14558531746031747 0.42570546737213405 0.014136904761904762 0.027336860670194002
24 0.13467261904761904 0.06327160493827161 0.013640873015873016 0.029982363315696647
30 0.14508928571428573 0.4556878306878307 0.012648809523809524 0.026455026455026454
24 0.13541666666666666 0.03373015873015873 0.01314484126984127 0.027336860670194002
6 0.13826884920634921 0.2925485008818342 0.017609126984126984 0.021604938271604937
1 0.13653273809523808 0.2495590828924162 0.016865079365079364 0.01984126984126984
30 0.14112103174603174 0.3915343915343915 0.017361111111111112 0.02204585537918871
22 0.14050099206349206 0.3264991181657848 0.014136904761904762 0.028659611992945325
