30 0.13330853174603174 0.4246031746031746 0.01488095238095238 0.029541446208112873
29 0.13020833333333334 0.07517636684303351 0.01314484126984127 0.030864197530864196
24 0.15252976190476192 0.057760141093474424 0.018353174603174604 0.02204585537918871
3 0.1310763888888889 0.17416225749559083 0.010912698412698412 0.028659611992945325
1 0.12896825396825398 0.24206349206349206 0.016865079365079364 0.021164021164021163
23 0.13082837301587302 0.35361552028218696 0.01488095238095238 0.03042328042328042
30 0.1328125 0.45612874779541446 0.011160714285714286 0.028659611992945325
22 0.1300843253968254 0.32142857142857145 0.013888888888888888 0.027777777777777776
24 0.13157242063492064 0.04497354497354497 0.012896825396825396 0.026895943562610228
1 0.12946428571428573 0.20480599647266315 0.011656746031746032 0.025573192239858905
21 0.12921626984126985 0.2854938271604938 0.01711309523809524 0.02292768959435626
14 0.09722222222222222 0.13447971781305115 0.01636904761904762 0.02204585537918871
15 0.1297123015873016 0.10714285714285714 0.015376984126984126 0.03262786596119929
15 0.12946428571428573 0.13866843033509701 0.015625 0.03262786596119929
30 0.13058035714285715 0.3888888888888889 0.018849206349206348 0.024250440917107582
