22 0.14422123015873015 0.32098765432098764 0.013888888888888888 0.028659611992945325
2 0.14211309523809523 0.20480599647266315 0.012648809523809524 0.027336860670194002
5 0.14136904761904762 0.17416225749559083 0.01240079365079365 0.025573192239858905
23 0.14000496031746032 0.07583774250440917 0.01240079365079365 0.026895943562610228
6 0.14422123015873015 0.4605379188712522 0.01711309523809524 0.03218694885361552
21 0.1423611111111111 0.2859347442680776 0.018601190476190476 0.021164021164021163
15 0.14037698412698413 0.10736331569664903 0.015128968253968254 0.030864197530864196
1 0.14074900793650794 0.24382716049382716 0.017857142857142856 0.02072310405643739
22 0.15984623015873015 0.06812169312169312 0.018105158730158732 0.01895943562610229
6 0.14422123015873015 0.42857142857142855 0.013392857142857142 0.027777777777777776
19 0.09461805555555555 0.18606701940035272 0.01984126984126984 0.02601410934744268
5 0.14186507936507936 0.3939594356261023 0.016617063492063492 0.02204585537918871
15 0.140625 0.13624338624338625 0.013392857142857142 0.029982363315696647
21 0.14037698412698413 0.043209876543209874 0.013392857142857142 0.02821869488536155
23 0.14422123015873015 0.35207231040564374 0.013640873015873016 0.027777777777777776
