35 0.09821428571428571 0.04828042328042328 0.014136904761904762 0.013227513227513227
3 0.18030753968253968 0.24691358024691357 0.01488095238095238 0.02204585537918871
0 0.07762896825396826 0.24052028218694885 0.015128968253968254 0.021164021164021163
8 0.20672123015873015 0.2400793650793651 0.018105158730158732 0.009259259259259259
35 0.10776289682539683 0.05268959435626102 0.012152777777777778 0.00837742504409171
35 0.11247519841269842 0.053130511463844794 0.01066468253968254 0.007495590828924162
3 0.15959821428571427 0.24228395061728394 0.014632936507936508 0.02072310405643739
35 0.09102182539682539 0.044753086419753084 0.01711309523809524 0.010582010582010581
35 0.07787698412698413 0.041666666666666664 0.020089285714285716 0.014991181657848324
35 0.12462797619047619 0.033950617283950615 0.017361111111111112 0.018077601410934743
35 0.11297123015873016 0.09082892416225749 0.01636904761904762 0.015432098765432098
35 0.11383928571428571 0.022486772486772486 0.016865079365079364 0.01146384479717813
35 0.11495535714285714 0.05092592592592592 0.012152777777777778 0.00837742504409171
35 0.0859375 0.045414462081128745 0.019345238095238096 0.00837742504409171
1 0.12872023809523808 0.24228395061728394 0.014632936507936508 0.018518518518518517
2 0.1440972222222222 0.2429453262786596 0.013392857142857142 0.019400352733686066
0 0.10974702380952381 0.24184303350970018 0.013640873015873016 0.022486772486772486
35 0.07068452380952381 0.02667548500881834 0.022569444444444444 0.008818342151675485
0 0.09350198412698413 0.2396384479717813 0.016121031746031748 0.02204585537918871
6 0.19642857142857142 0.24029982363315697 0.01488095238095238 0.020282186948853614
