24 0.13330853174603174 0.025573192239858905 0.012896825396825396 0.029541446208112873
14 0.10044642857142858 0.11706349206349206 0.018601190476190476 0.024691358024691357
1 0.1341765873015873 0.23170194003527336 0.018105158730158732 0.02292768959435626
24 0.15612599206349206 0.045414462081128745 0.017857142857142856 0.02072310405643739
3 0.13516865079365079 0.15828924162257496 0.013888888888888888 0.031746031746031744
14 0.13392857142857142 0.09082892416225749 0.013392857142857142 0.031746031746031744
6 0.13814484126984128 0.45943562610229277 0.01488095238095238 0.03262786596119929
5 0.13504464285714285 0.3888888888888889 0.019345238095238096 0.024250440917107582
23 0.1378968253968254 0.3454585537918871 0.014632936507936508 0.030864197530864196
14 0.13306051587301587 0.12389770723104056 0.015376984126984126 0.028659611992945325
7 0.13802083333333334 0.42570546737213405 0.015128968253968254 0.03306878306878307
29 0.1331845238095238 0.056216931216931214 0.013640873015873016 0.031746031746031744
1 0.13541666666666666 0.19113756613756613 0.013640873015873016 0.029982363315696647
21 0.1355406746031746 0.27645502645502645 0.020833333333333332 0.022486772486772486
22 0.13690476190476192 0.31283068783068785 0.014136904761904762 0.02821869488536155
